max_iter = 508
C = 0.09393823482694459
tol = 1.2168068949203403e-05
